InputBits	Constant	Area
2	0	704700.000000
2	1	0.000000
2	2	856340.000000
3	0	875780.000000
3	1	704700.000000
3	2	724140.000000
3	3	0.000000
3	4	1027420.000000
3	5	856340.000000
3	6	875780.000000
4	0	1046860.000000
4	1	875780.000000
4	2	895220.000000
4	3	704700.000000
4	4	1428840.000000
4	5	724140.000000
4	6	1580480.000000
4	7	0.000000
4	8	1732120.000000
4	9	1027420.000000
4	10	1157640.000000
4	11	856340.000000
4	12	1046860.000000
4	13	875780.000000
4	14	895220.000000
5	0	1708780.000000
5	1	1046860.000000
5	2	1557140.000000
5	3	875780.000000
5	4	1599920.000000
5	5	895220.000000
5	6	1751560.000000
5	7	704700.000000
5	8	1599920.000000
5	9	1428840.000000
5	10	1448280.000000
5	11	724140.000000
5	12	1751560.000000
5	13	1580480.000000
5	14	1523140.000000
5	15	0.000000
5	16	2436820.000000
5	17	1732120.000000
5	18	1328720.000000
5	19	1027420.000000
5	20	1771000.000000
5	21	1157640.000000
5	22	1903200.000000
5	23	856340.000000
5	24	1751560.000000
5	25	1046860.000000
5	26	1903200.000000
5	27	875780.000000
5	28	1599920.000000
5	29	895220.000000
5	30	1751560.000000
6	0	1922640.000000
6	1	1708780.000000
6	2	2607900.000000
6	3	1046860.000000
6	4	2627340.000000
6	5	1557140.000000
6	6	2413480.000000
6	7	875780.000000
6	8	1771000.000000
6	9	1599920.000000
6	10	1619360.000000
6	11	895220.000000
6	12	1922640.000000
6	13	1751560.000000
6	14	1706610.000000
6	15	704700.000000
6	16	1771000.000000
6	17	1599920.000000
6	18	1619360.000000
6	19	1428840.000000
6	20	2152980.000000
6	21	1448280.000000
6	22	2304620.000000
6	23	724140.000000
6	24	2456260.000000
6	25	1751560.000000
6	26	2304620.000000
6	27	1580480.000000
6	28	2607900.000000
6	29	1523140.000000
6	30	1619360.000000
6	31	0.000000
6	32	1790440.000000
6	33	2436820.000000
6	34	1638800.000000
6	35	1732120.000000
6	36	2759540.000000
6	37	1328720.000000
6	38	2466730.000000
6	39	1027420.000000
6	40	2759540.000000
6	41	1771000.000000
6	42	2868150.000000
6	43	1157640.000000
6	44	2627340.000000
6	45	1903200.000000
6	46	1638800.000000
6	47	856340.000000
6	48	2456260.000000
6	49	1751560.000000
6	50	2607900.000000
6	51	1046860.000000
6	52	2627340.000000
6	53	1903200.000000
6	54	1922640.000000
6	55	875780.000000
6	56	1771000.000000
6	57	1599920.000000
6	58	1619360.000000
6	59	895220.000000
6	60	1638800.000000
6	61	1751560.000000
6	62	2607900.000000
7	0	2627340.000000
7	1	1922640.000000
7	2	2475700.000000
7	3	1708780.000000
7	4	2475700.000000
7	5	2607900.000000
7	6	2627340.000000
7	7	1046860.000000
7	8	2475700.000000
7	9	2627340.000000
7	10	2324060.000000
7	11	1557140.000000
7	12	2093720.000000
7	13	2413480.000000
7	14	1942080.000000
7	15	875780.000000
7	16	1942080.000000
7	17	1771000.000000
7	18	1790440.000000
7	19	1599920.000000
7	20	2324060.000000
7	21	1619360.000000
7	22	2475700.000000
7	23	895220.000000
7	24	2627340.000000
7	25	1922640.000000
7	26	2475700.000000
7	27	1751560.000000
7	28	2778980.000000
7	29	1706610.000000
7	30	1790440.000000
7	31	704700.000000
7	32	2950060.000000
7	33	1771000.000000
7	34	2798420.000000
7	35	1599920.000000
7	36	2324060.000000
7	37	1619360.000000
7	38	2475700.000000
7	39	1428840.000000
7	40	2324060.000000
7	41	2152980.000000
7	42	2172420.000000
7	43	1448280.000000
7	44	2475700.000000
7	45	2304620.000000
7	46	2798420.000000
7	47	724140.000000
7	48	2627340.000000
7	49	2456260.000000
7	50	2475700.000000
7	51	1751560.000000
7	52	2495140.000000
7	53	2304620.000000
7	54	2738120.000000
7	55	1580480.000000
7	56	2475700.000000
7	57	2607900.000000
7	58	2324060.000000
7	59	1523140.000000
7	60	3101700.000000
7	61	1619360.000000
7	62	2475700.000000
7	63	0.000000
7	64	2778980.000000
7	65	1790440.000000
7	66	2930620.000000
7	67	2436820.000000
7	68	2757560.000000
7	69	1638800.000000
7	70	2909200.000000
7	71	1732120.000000
7	72	3180400.000000
7	73	2759540.000000
7	74	3028760.000000
7	75	1328720.000000
7	76	3513590.000000
7	77	2466730.000000
7	78	2486170.000000
7	79	1027420.000000
7	80	3190870.000000
7	81	2759540.000000
7	82	3039230.000000
7	83	1771000.000000
7	84	2928640.000000
7	85	2868150.000000
7	86	3594460.000000
7	87	1157640.000000
7	88	2909200.000000
7	89	2627340.000000
7	90	3060840.000000
7	91	1903200.000000
7	92	2343500.000000
7	93	1638800.000000
7	94	3039230.000000
7	95	856340.000000
7	96	2627340.000000
7	97	2456260.000000
7	98	2475700.000000
7	99	1751560.000000
7	100	2778980.000000
7	101	2607900.000000
7	102	2486170.000000
7	103	1046860.000000
7	104	2778980.000000
7	105	2627340.000000
7	106	3940520.000000
7	107	1903200.000000
7	108	2093720.000000
7	109	1922640.000000
7	110	1942080.000000
7	111	875780.000000
7	112	1942080.000000
7	113	1771000.000000
7	114	1790440.000000
7	115	1599920.000000
7	116	2324060.000000
7	117	1619360.000000
7	118	2889760.000000
7	119	895220.000000
7	120	3464240.000000
7	121	1638800.000000
7	122	2475700.000000
7	123	1751560.000000
7	124	3312600.000000
7	125	2607900.000000
7	126	3464240.000000
8	0	2712860.000000
8	1	2627340.000000
8	2	3483680.000000
8	3	1922640.000000
8	4	3180400.000000
8	5	2475700.000000
8	6	3332040.000000
8	7	1708780.000000
8	8	2646780.000000
8	9	2475700.000000
8	10	2495140.000000
8	11	2607900.000000
8	12	2798420.000000
8	13	2627340.000000
8	14	2286160.000000
8	15	1046860.000000
8	16	2646780.000000
8	17	2475700.000000
8	18	2969500.000000
8	19	2627340.000000
8	20	3067640.000000
8	21	2324060.000000
8	22	3654760.000000
8	23	1557140.000000
8	24	3190870.000000
8	25	2093720.000000
8	26	4011480.000000
8	27	2413480.000000
8	28	3483680.000000
8	29	1942080.000000
8	30	3289260.000000
8	31	875780.000000
8	32	3142500.000000
8	33	1942080.000000
8	34	3533030.000000
8	35	1771000.000000
8	36	2495140.000000
8	37	1790440.000000
8	38	2646780.000000
8	39	1599920.000000
8	40	2495140.000000
8	41	2324060.000000
8	42	2343500.000000
8	43	1619360.000000
8	44	2646780.000000
8	45	2475700.000000
8	46	3674200.000000
8	47	895220.000000
8	48	2798420.000000
8	49	2627340.000000
8	50	2646780.000000
8	51	1922640.000000
8	52	2666220.000000
8	53	2475700.000000
8	54	2909200.000000
8	55	1751560.000000
8	56	2646780.000000
8	57	2778980.000000
8	58	2798420.000000
8	59	1706610.000000
8	60	4369930.000000
8	61	1790440.000000
8	62	2646780.000000
8	63	704700.000000
8	64	2646780.000000
8	65	2950060.000000
8	66	3332040.000000
8	67	1771000.000000
8	68	2985980.000000
8	69	2798420.000000
8	70	3121140.000000
8	71	1599920.000000
8	72	2495140.000000
8	73	2324060.000000
8	74	2343500.000000
8	75	1619360.000000
8	76	2646780.000000
8	77	2475700.000000
8	78	2548580.000000
8	79	1428840.000000
8	80	2495140.000000
8	81	2324060.000000
8	82	2343500.000000
8	83	2152980.000000
8	84	3808320.000000
8	85	2172420.000000
8	86	3028760.000000
8	87	1448280.000000
8	88	3917180.000000
8	89	2475700.000000
8	90	3028760.000000
8	91	2304620.000000
8	92	3332040.000000
8	93	2798420.000000
8	94	2343500.000000
8	95	724140.000000
8	96	2514580.000000
8	97	2627340.000000
8	98	2362940.000000
8	99	2456260.000000
8	100	2757560.000000
8	101	2475700.000000
8	102	2909200.000000
8	103	1751560.000000
8	104	2757560.000000
8	105	2495140.000000
8	106	2605920.000000
8	107	2304620.000000
8	108	3351480.000000
8	109	2738120.000000
8	110	2362940.000000
8	111	1580480.000000
8	112	2646780.000000
8	113	2475700.000000
8	114	2495140.000000
8	115	2607900.000000
8	116	3351480.000000
8	117	2324060.000000
8	118	3180400.000000
8	119	1523140.000000
8	120	2495140.000000
8	121	3101700.000000
8	122	2343500.000000
8	123	1619360.000000
8	124	2646780.000000
8	125	2475700.000000
8	126	2495140.000000
8	127	0.000000
8	128	2950060.000000
8	129	2778980.000000
8	130	2798420.000000
8	131	1790440.000000
8	132	3419480.000000
8	133	2930620.000000
8	134	2950060.000000
8	135	2436820.000000
8	136	2928640.000000
8	137	2757560.000000
8	138	2777000.000000
8	139	1638800.000000
8	140	3080280.000000
8	141	2909200.000000
8	142	2798420.000000
8	143	1732120.000000
8	144	3351480.000000
8	145	3180400.000000
8	146	3381390.000000
8	147	2759540.000000
8	148	3426340.000000
8	149	3028760.000000
8	150	3274700.000000
8	151	1328720.000000
8	152	3883180.000000
8	153	3513590.000000
8	154	3494150.000000
8	155	2466730.000000
8	156	3197920.000000
8	157	2486170.000000
8	158	3046280.000000
8	159	1027420.000000
8	160	2948080.000000
8	161	3190870.000000
8	162	2796440.000000
8	163	2759540.000000
8	164	3549510.000000
8	165	3039230.000000
8	166	3765540.000000
8	167	1771000.000000
8	168	3549510.000000
8	169	2928640.000000
8	170	3397870.000000
8	171	2868150.000000
8	172	3784980.000000
8	173	3594460.000000
8	174	2796440.000000
8	175	1157640.000000
8	176	3210310.000000
8	177	2909200.000000
8	178	3765540.000000
8	179	2627340.000000
8	180	3784980.000000
8	181	3060840.000000
8	182	3080280.000000
8	183	1903200.000000
8	184	2514580.000000
8	185	2343500.000000
8	186	3135450.000000
8	187	1638800.000000
8	188	2666220.000000
8	189	3039230.000000
8	190	3058670.000000
8	191	856340.000000
8	192	2657250.000000
8	193	2627340.000000
8	194	2505610.000000
8	195	2456260.000000
8	196	2646780.000000
8	197	2475700.000000
8	198	2798420.000000
8	199	1751560.000000
8	200	3342510.000000
8	201	2778980.000000
8	202	2817860.000000
8	203	2607900.000000
8	204	3231920.000000
8	205	2486170.000000
8	206	3460340.000000
8	207	1046860.000000
8	208	3959960.000000
8	209	2778980.000000
8	210	4111600.000000
8	211	2627340.000000
8	212	2817860.000000
8	213	3940520.000000
8	214	3210310.000000
8	215	1903200.000000
8	216	2798420.000000
8	217	2093720.000000
8	218	2514580.000000
8	219	1922640.000000
8	220	2646780.000000
8	221	1942080.000000
8	222	2798420.000000
8	223	875780.000000
8	224	3483680.000000
8	225	1942080.000000
8	226	3190870.000000
8	227	1771000.000000
8	228	2495140.000000
8	229	1790440.000000
8	230	3060840.000000
8	231	1599920.000000
8	232	3806400.000000
8	233	2324060.000000
8	234	2343500.000000
8	235	1619360.000000
8	236	2950060.000000
8	237	2889760.000000
8	238	2798420.000000
8	239	895220.000000
8	240	2798420.000000
8	241	3464240.000000
8	242	2646780.000000
8	243	1638800.000000
8	244	4340020.000000
8	245	2475700.000000
8	246	3808320.000000
8	247	1751560.000000
8	248	3483680.000000
8	249	3312600.000000
8	250	3332040.000000
8	251	2607900.000000
8	252	2418360.000000
8	253	3464240.000000
8	254	2266720.000000
